Yearly Breakdown of Accidents and Casualties:
              Year  Number_of_Accidents  Total_Casualties  Avg_Casualties_per_Accident
count     6.000000             6.000000          6.000000                     6.000000
mean   2007.500000          3333.333333       5298.666667                     1.584153
std       1.870829           411.351755        812.947395                     0.057918
min    2005.000000          2636.000000       3907.000000                     1.482170
25%    2006.250000          3154.750000       4971.250000                     1.573231
50%    2007.500000          3464.000000       5504.500000                     1.589269
75%    2008.750000          3633.750000       5933.500000                     1.616039
max    2010.000000          3694.000000       6006.000000                     1.651361

Heatmap of Accidents by Hour and Day of the Week:
Hour           0           1          2          3          4          5          6           7           8           9           10          11          12          13          14          15          16          17          18          19          20          21          22          23
count    7.000000    7.000000   7.000000   7.000000   7.000000   7.000000   7.000000    7.000000    7.000000    7.000000    7.000000    7.000000    7.000000    7.000000    7.000000    7.000000    7.000000    7.000000    7.000000    7.000000    7.000000    7.000000    7.000000    7.000000
mean    74.571429   53.571429  43.857143  33.714286  29.142857  39.285714  61.428571  122.000000  150.428571  113.142857  115.857143  129.428571  141.142857  153.000000  166.714286  197.857143  212.000000  232.571429  193.571429  150.285714  132.000000  107.142857  108.857143   95.571429
std     46.622088   37.030875  33.052628  27.511902  16.637594   8.118175  16.541434   48.159457   62.072155   21.474237   10.463087   21.570482   30.129878   29.160476   22.321248   21.528497   25.370587   35.331087   32.948734   18.971156   17.378147   20.892013   28.044183   36.271463
min     35.000000   22.000000  13.000000  12.000000  16.000000  31.000000  36.000000   47.000000   48.000000   74.000000  100.000000  105.000000  109.000000  113.000000  143.000000  172.000000  172.000000  186.000000  141.000000  127.000000  102.000000   85.000000   77.000000   63.000000
25%     43.000000   30.000000  20.500000  15.000000  16.000000  35.500000  53.500000   97.500000  124.500000  104.000000  109.000000  113.000000  114.500000  134.500000  149.000000  181.500000  198.000000  207.000000  172.500000  135.000000  125.500000   97.500000   95.500000   69.000000
50%     49.000000   38.000000  30.000000  18.000000  23.000000  37.000000  65.000000  146.000000  173.000000  117.000000  116.000000  124.000000  140.000000  143.000000  158.000000  194.000000  219.000000  232.000000  200.000000  153.000000  135.000000  104.000000   96.000000   77.000000
75%     95.500000   73.000000  66.500000  46.500000  39.000000  40.000000  69.500000  149.500000  189.500000  128.500000  124.500000  144.500000  165.500000  176.500000  186.000000  215.000000  226.000000  258.500000  221.000000  162.500000  138.500000  107.500000  117.000000  116.000000
max    161.000000  109.000000  90.000000  83.000000  55.000000  56.000000  83.000000  167.000000  204.000000  136.000000  128.000000  162.000000  179.000000  193.000000  196.000000  226.000000  245.000000  279.000000  227.000000  177.000000  159.000000  151.000000  164.000000  159.000000

Distribution of Crashes by Road Class and Type:
Road_Type  Dual carriageway  One way street  Roundabout  Single carriageway   Slip road
count              4.000000        4.000000    4.000000             4.00000    4.000000
mean             916.500000       74.250000  222.750000          3730.25000   42.750000
std             1198.708611      101.955464  303.270369          3930.60906   49.365136
min               53.000000        6.000000   20.000000             4.00000    4.000000
25%              113.000000       24.000000   59.000000          1689.25000    4.750000
50%              490.000000       32.500000   99.000000          2846.00000   29.500000
75%             1293.500000       82.750000  262.750000          4887.00000   67.500000
max             2633.000000      226.000000  673.000000          9225.00000  108.000000

Daily Accident Counts (December-January):
                      Date  Accidents
count                   62  62.000000
mean   1900-07-02 00:00:00  48.822581
min    1900-01-01 00:00:00  22.000000
25%    1900-01-16 06:00:00  40.250000
50%    1900-07-02 00:00:00  50.000000
75%    1900-12-15 18:00:00  58.000000
max    1900-12-31 00:00:00  70.000000
std                    NaN  11.699130

